65912;0.00
109180;0.00
145443;0.00
181796;0.00
217899;0.00
254108;0.00
290253;0.00
326388;0.00
362764;0.00
399045;0.00
435310;0.00
471570;0.00
507682;0.00
543737;0.00
579892;0.00
616120;0.00
652512;0.00
688634;0.00
724910;0.00
761187;0.00
797298;0.00
833436;0.00
869587;0.00
905739;0.00
942211;0.00
978410;0.00
1014720;0.00
1050970;0.00
1087205;0.00
1123389;0.00
1159671;0.00
1195862;0.00
1232286;0.00
1268536;0.00
1304765;0.00
1341240;0.00
1377466;0.00
1413652;0.00
1449927;0.00
1488507;0.00
1525206;0.00
1561798;0.00
1598212;0.00
1634730;0.00
1671073;0.00
1707451;0.00
1744012;0.00
1780513;0.00
1817389;0.00
1853714;0.00
1890293;0.00
1926890;0.00
1963389;0.00
1999774;0.00
2036221;0.00
2072575;0.00
2109240;0.00
2145612;0.00
2182077;0.00
2218377;0.00
2254685;0.00
2291037;0.00
2327463;0.00
2363899;0.00
2400716;0.00
2437250;0.00
2473875;0.00
2510494;0.00
2546972;0.00
2583579;0.00
2620263;0.00
2656949;0.00
2693771;0.00
2730311;0.00
2766930;0.00
2803548;0.00
2842488;0.00
2879089;0.00
2915779;0.00
2952604;0.00
2989176;0.00
3025716;0.00
3062327;0.00
3100813;0.00
3137293;0.00
3173866;0.00
3210449;0.00
3247364;0.00
3284092;0.00
3320706;0.00
3357403;0.00
3393946;0.00
3430506;0.00
3467188;0.00
3503857;0.00
3540757;0.00
3577426;0.00
3614123;0.00
3650813;0.00
3687423;0.00
3724075;0.00
3760744;0.00
3797498;0.00
3834502;0.00
3871226;0.00
3907911;0.00
3944611;0.00
3981225;-0.03
4017967;0.03
4055595;-0.08
4092334;-0.05
4129424;-0.22
4168551;-0.56
4205302;-0.71
4242054;-0.95
4278840;-0.87
4315497;-0.76
4352201;-1.69
4388996;-2.66
4426109;-2.99
4462842;-2.89
4499573;-3.02
4536430;-4.42
4573145;-4.79
4609866;-4.00
4646652;-2.07
4683450;-1.93
4720537;-3.59
4757335;-2.36
4794122;-0.71
4830880;0.03
4867689;0.00
4904292;0.00
4941033;0.00
4977791;0.00
5014766;0.00
5051468;0.00
5088152;0.00
5124841;0.00
5161408;0.00
5198079;0.00
5234818;0.00
5271571;0.00
5308555;0.00
5345181;0.00
5381857;0.00
5418546;0.00
5457463;-0.03
5494233;-0.08
5531072;-0.05
5568161;-0.27
5604948;-0.92
5641748;-1.39
5678517;-0.98
5715222;-0.95
5751870;-1.26
5788707;-1.63
5825568;-2.03
5862661;-2.21
5899471;-1.79
5936250;-1.77
5973013;-2.64
6009868;-3.07
6046757;-2.11
6083667;-2.19
6120598;-4.12
6157731;-4.82
6194642;-4.50
6231527;-3.85
6268376;-2.77
6305201;-0.14
6341984;0.00
6378708;0.00
6415511;0.00
6452547;0.00
6489315;0.00
6525966;0.00
6562704;0.00
6599374;0.00
6636079;0.00
6672867;0.00
6709660;0.00
6749156;0.00
6785895;0.00
6822635;0.00
6859383;0.00
6896153;0.00
6932880;0.00
6969687;0.00
7006490;0.00
7043506;0.00
7080228;0.00
7116946;0.00
7153669;0.00
7190410;0.00
7227184;0.00
7263955;0.00
7300746;-0.05
7337837;-0.05
7374640;0.00
7411346;0.00
7448064;0.00
7484806;0.00
7521497;0.00
7558274;0.00
7595074;0.00
7632069;0.00
7670572;-0.03
7707372;-0.08
7744187;-0.22
7780808;0.00
7817591;0.11
7855249;0.00
7892041;0.00
7929043;0.00
7965767;0.00
8002456;0.00
8039147;0.00
8078247;0.00
8114995;0.00
8151764;-0.41
8188654;-0.22
8225121;0.85
8262396;2.17
8299691;3.00
8336974;2.44
8373483;1.53
8410016;1.53
8446521;1.26
8483291;2.37
8519806;2.08
8556257;0.93
8592739;1.26
8629214;1.92
8665751;3.04
8703111;2.25
8739653;1.61
8776422;2.23
8812932;2.08
8849391;1.73
8885879;1.73
8922328;1.34
8958822;1.15
8995325;1.75
9031891;2.19
9068689;2.09
9105212;2.41
9141724;2.55
9178236;2.57
9214725;0.93
9251213;0.00
9287679;0.00
9324137;0.00
9360842;0.00
9397273;0.00
9435778;0.00
9471998;0.00
9508236;0.00
9544501;0.00
9580775;0.00
9617053;0.00
9653558;0.00
9689800;0.08
9726114;0.19
9762413;0.22
9798712;0.94
9835079;2.56
9871500;4.06
9908667;3.93
9945314;4.86
9982374;3.13
10018836;0.05
10055332;-0.11
10091787;1.07
10128318;2.57
10164902;3.36
10201463;3.01
10238231;3.89
10274739;0.30
10311249;-2.19
10347759;-1.29
10384261;-1.81
10420778;-1.15
10457279;-0.33
10493777;0.03
10530533;-0.11
10566961;-0.05
10603435;-0.25
10639894;-0.47
10691512;-0.21
10728078;-0.14
10764558;0.05
10801318;0.38
10837767;0.63
10874220;1.21
10910691;1.40
10947136;1.29
10983615;1.01
11020173;1.59
11056762;1.53
11093573;-2.17
11130155;-1.78
11166674;-1.26
11203197;-1.37
11239724;-0.90
11276263;-1.04
11312835;-1.31
11349407;-1.20
11386205;-0.92
11422733;-0.47
11459261;-1.40
11495787;-1.10
11532288;-0.82
11568820;-0.63
11605361;-0.47
11641898;-0.30
11678685;-0.92
11715225;-1.83
11751772;-1.89
11788280;-0.88
11824783;-0.38
11861314;-0.66
11900179;-1.67
11936975;-2.31
11973981;-1.86
12010640;-1.06
12047312;-1.91
12084021;-2.32
12120714;-2.21
12157435;-1.96
12195844;-1.77
12232577;-1.55
12269540;-1.92
12306215;-1.99
12342903;-2.21
12379577;-1.53
12416240;-0.41
12452940;0.30
12489656;1.23
12526411;2.80
12563451;5.29
12600963;4.24
12637694;3.46
12674435;3.78
12711155;3.13
12747894;1.14
12784619;0.60
12821327;0.82
12858290;1.81
12894978;2.02
12931678;3.38
12968381;2.34
13005096;1.33
13041842;0.57
13078576;0.46
13117849;0.97
13154605;2.58
13191368;3.59
13228121;3.46
13264852;-0.65
13301641;-2.53
13338466;-3.20
13375254;-1.98
13412231;-0.22
13448936;0.03
13485651;0.49
13522329;0.93
13559017;-0.16
13595734;0.30
13632505;2.20
13669304;3.64
13706388;-1.29
13743215;-5.49
13780025;-5.43
13816781;-4.43
13853560;-3.94
13890325;-3.02
13927107;-2.91
13963905;-3.29
14000914;-2.81
14037657;-2.29
14074370;-1.63
14111072;-0.57
14147793;-1.55
14184552;-2.20
14221348;-3.29
14258178;-4.15
14295223;-3.29
14334277;-3.41
14370988;-2.81
14407705;-1.69
14444427;-2.29
14481223;-2.96
14517996;-1.52
14554772;-1.31
14591777;-2.38
14628521;-3.76
14665296;-4.41
14702070;-4.19
14738816;-2.86
14775596;-1.71
14812349;-0.71
14849107;0.82
14886135;2.30
14922877;2.72
14959622;3.08
14996340;2.70
15033100;2.69
15069893;3.32
15106688;2.55
15143477;2.39
15180493;3.13
15217259;3.32
15254014;3.62
15290778;3.67
15327512;2.94
15364295;2.20
15401104;2.93
15437916;3.04
15474957;3.48
15511717;4.16
15550728;3.41
15587484;3.29
15624263;3.24
15661051;2.96
15697878;4.02
15734951;4.59
15771738;4.49
15808483;3.51
15845226;2.18
15881969;2.01
15918731;-1.12
15955542;-2.61
15992314;-1.09
16029287;1.11
16066026;2.89
16102770;-0.63
16139558;-5.38
16176362;-6.17
16213174;-6.63
16249996;-5.81
16286798;-4.67
16323827;-4.65
16360564;-4.33
16397274;-3.62
16433999;-4.03
16470740;-4.76
16507508;-4.71
16544252;-3.97
16581040;-3.81
16618039;-4.32
16654780;-4.25
16691485;-3.71
16728211;-3.65
16765159;-3.71
16801903;-3.46
16838634;-2.64
16875365;-1.39
16912309;0.00
16948956;0.00
16985542;0.00
17022109;0.00
17058682;0.00
17095273;0.00
17131880;0.00
17168494;0.00
17205344;0.00
17241929;0.00
17278486;0.00
17315062;0.00
17351618;0.00
17388209;0.00
17424823;0.00
17461435;0.00
17498286;0.00
17534869;0.00
17571428;0.00
17608001;0.00
17644559;0.00
17681133;0.00
17717741;0.00
17754359;0.00
17791219;0.00
17827807;0.00
17864364;0.00
17900941;0.03
17937584;0.00
17976470;0.00
18013143;0.00
18049820;0.00
18086710;0.00
18123320;0.00
18159932;0.00
18196547;0.00
18233160;0.00
18269835;0.00
18306493;0.00
18343164;0.00
18380053;0.00
18416648;0.00
18453255;0.00
18489874;0.00
18526498;0.00
18563149;0.00
18599821;0.00
18636487;0.00
18673375;0.00
18709984;0.00
18746591;0.00
18783215;0.00
18819847;0.00
18856508;0.00
18893186;0.00
18929854;0.00
18966749;0.00
19003390;0.00
19040032;0.00
19076673;0.00
19113327;0.00
19150018;0.00
19186720;0.00
19225758;0.00
19262231;0.00
19298706;0.00
19335175;0.00
19371648;0.00
19408136;0.00
19444649;0.00
19481166;0.00
19517913;0.00
19554384;0.00
19590858;0.00
19627313;0.00
19663785;0.00
19700271;0.00
19736778;0.00
19773288;0.00
19810040;0.00
19846504;0.00
19882969;0.00
19919430;0.00
19955909;0.00
19992402;0.00
20028950;0.00
20065508;0.00
20102300;0.00
20138820;0.00
20175326;0.00
20211838;0.00
20248352;0.00
20284892;0.00
20321439;0.00
20357990;0.00
20394788;0.00
20431310;0.00
20467825;0.00
20506266;0.00
20542773;0.00
20579312;0.00
20615872;0.00
20652433;0.00
20689212;0.00
20725723;0.00
20762234;0.00
20798739;0.00
20835244;0.00
20871785;0.00
20908335;0.00
20944900;0.00
20981679;0.00
21018159;0.00
21054666;0.00
21091156;0.00
21127663;0.00
21164195;0.00
21200743;0.00
21237293;0.00
21274062;0.00
21312217;0.00
21363111;0.00
